# timestamp tx ty tz qx qy qz qw
1638910728.907783269882 -0.000166189402 0.000758465399 0.000747233359 0.011808588769 -0.005445578494 0.000001215244 0.999915447878
1638910728.957747220993 -0.000805696738 0.000148604038 0.002982675314 0.005934760190 -0.002731785794 -0.000011543808 0.999978657690
1638910729.018205165863 -0.001323119287 -0.000108196654 0.003956447811 0.014143005045 -0.006507664336 0.000025350263 0.999878805191
1638910729.068341970444 -0.001517848101 0.000113358957 0.003928764751 0.009615521114 -0.004424100321 0.000003198918 0.999943982971
1638910729.107732295990 -0.001710595644 0.000072270376 0.003777975796 0.010459804616 -0.004812136598 0.000000027836 0.999933715718
1638910729.157779216766 -0.001839895714 0.000073179649 0.003650606067 0.010363383299 -0.004767291413 0.000000706553 0.999934934493
1638910729.207814693451 -0.001773578718 0.000105675457 0.003511125362 0.009770348687 -0.004494692779 -0.000000965540 0.999942167339
1638910729.257856845856 -0.001766162700 0.000114197624 0.003445300983 0.009688805897 -0.004457240853 -0.000001690206 0.999943128404
1638910729.307826519012 -0.001768976461 0.000040879144 0.003357197781 0.009428325923 -0.004337487152 -0.000002783506 0.999946144984
1638910729.368253469467 -0.001720969959 0.000019002271 0.003204469240 0.009627477826 -0.004429290734 -0.000003499511 0.999943844944
1638910729.407879352570 -0.001804865351 0.000008064549 0.003112928002 0.009731867497 -0.004477101949 -0.000003871062 0.999942621503
1638910729.468441963196 -0.001690512159 0.000006342769 0.003006632414 0.009809708449 -0.004513238452 -0.000003593997 0.999941698443
1638910729.507691144943 -0.001627979560 0.000006997359 0.003020195811 0.009796585790 -0.004507393876 -0.000003395222 0.999941853457
1638910729.557749748230 -0.001549016863 -0.000010011266 0.002958147927 0.009756079379 -0.004488925849 -0.000003444376 0.999942332561
1638910729.607908487320 -0.001604629444 -0.000038301325 0.002914919634 0.009723077722 -0.004473606090 -0.000003590838 0.999942722657
1638910729.657833099365 -0.001596078460 -0.000013969251 0.002890872961 0.009747564729 -0.004484979750 -0.000003963998 0.999942433304
1638910729.707913398743 -0.001578599705 -0.000046878888 0.002846411691 0.009733949900 -0.004478745749 -0.000004128592 0.999942593872
1638910729.757685422897 -0.001524929839 -0.000037268979 0.002814813723 0.009727102814 -0.004475739855 -0.000004038764 0.999942673961
1638910729.807712078094 -0.001475179831 -0.000068559254 0.002855977302 0.009678446503 -0.004453428368 -0.000004038340 0.999943245706
1638910729.868037462234 -0.001401962148 -0.000053569703 0.002729535027 0.009729534588 -0.004477137649 -0.000004071450 0.999942644044
1638910729.918089628220 -0.001406453601 -0.000034847617 0.002701610001 0.009737197978 -0.004480702518 -0.000004337705 0.999942553481
1638910729.968072891235 -0.001484323720 -0.000083094827 0.002715183717 0.009713704518 -0.004469663916 -0.000004335500 0.999942831381
1638910730.007684469223 -0.001545373122 -0.000121889968 0.002743407952 0.009675141899 -0.004451711046 -0.000004136225 0.999943285332
1638910730.057651996613 -0.001486046523 -0.000159181193 0.002674946466 0.009687307997 -0.004457556684 -0.000004378509 0.999943141500
1638910730.107711315155 -0.001451988367 -0.000160063359 0.002538610423 0.009695995565 -0.004461661541 -0.000004397833 0.999943038991
1638910730.157764911652 -0.001419053653 -0.000167045662 0.002464226096 0.009723275622 -0.004474302900 -0.000004410901 0.999942717612
1638910730.207716941833 -0.001313838762 -0.000161592529 0.002280809277 0.009776407634 -0.004499010444 -0.000004441623 0.999942088693
1638910730.268045663834 -0.001216904670 -0.000179600684 0.002213881446 0.009794562256 -0.004507734383 -0.000004447717 0.999941871741
1638910730.307936906815 -0.001232067594 -0.000177353230 0.002202045266 0.009802606459 -0.004511308819 -0.000004309537 0.999941776795
1638910730.357671737671 -0.001207435147 -0.000156082303 0.002053941686 0.009805599046 -0.004512788298 -0.000004246624 0.999941740778
1638910730.407987117767 -0.001136408811 -0.000161001806 0.001972083596 0.009805719929 -0.004512985212 -0.000003995705 0.999941738705
1638910730.457768917084 -0.001132070021 -0.000177394913 0.001902315072 0.009804861503 -0.004512588791 -0.000003999069 0.999941748912
1638910730.507765054703 -0.001009577499 -0.000174423453 0.001672020473 0.009827049224 -0.004523121612 -0.000003683403 0.999941483518
1638910730.557771921158 -0.001032097244 -0.000181104393 0.001566849601 0.009838905057 -0.004528505886 -0.000003584860 0.999941342564
1638910730.607780456543 -0.001075382534 -0.000218609684 0.001471928486 0.009863934345 -0.004539929447 -0.000003609765 0.999941044176
1638910730.657799243927 -0.000999098088 -0.000188927402 0.001238958404 0.009902570161 -0.004557908737 -0.000003338249 0.999940580515
1638910730.707903862000 -0.000878814706 -0.000209308779 0.001153384187 0.009936806753 -0.004573975809 -0.000003191936 0.999940167513
1638910730.757725715637 -0.000874937620 -0.000166997614 0.000968731585 0.009991697057 -0.004599188958 -0.000002869777 0.999939504891
1638910730.807702541351 -0.000847683639 -0.000151201181 0.000881954771 0.009992098437 -0.004599490729 -0.000002611092 0.999939499493
1638910730.857732057571 -0.000849239486 -0.000144110780 0.000864378797 0.009994876185 -0.004600753272 -0.000002516482 0.999939465924
1638910730.907794713974 -0.000920379829 -0.000148127513 0.000880701203 0.009980553095 -0.004594038125 -0.000002514327 0.999939639862
1638910730.957815170288 -0.000881510387 -0.000121419131 0.000759566433 0.009988238299 -0.004597642814 -0.000002463060 0.999939546558
1638910731.018072366714 -0.000841027300 -0.000122250695 0.000690175522 0.009988100041 -0.004597653491 -0.000002312777 0.999939547890
1638910731.068043231964 -0.000842846030 -0.000119398155 0.000625378526 0.010020859484 -0.004612706888 -0.000002140993 0.999939150802
1638910731.118020772934 -0.000882617133 -0.000146580547 0.000661175868 0.010028558127 -0.004616170726 -0.000002261410 0.999939057635
1638910731.157773017883 -0.000837408983 -0.000164276906 0.000654792135 0.010051033080 -0.004626721220 -0.000002193093 0.999938783216
1638910731.207756519318 -0.000720983895 -0.000131439428 0.000575400805 0.010071429824 -0.004636400742 -0.000002122823 0.999938533153
1638910731.257815599442 -0.000673548539 -0.000127360783 0.000544526512 0.010103136478 -0.004651189988 -0.000002124080 0.999938144617
1638910731.318037033081 -0.000718476107 -0.000118867267 0.000566693730 0.010091973055 -0.004645920511 -0.000002199056 0.999938281844
1638910731.357813358307 -0.000663745421 -0.000105596231 0.000538644998 0.010106897839 -0.004652953405 -0.000002210824 0.999938098402
1638910731.407853841782 -0.000620323297 -0.000121295005 0.000587497807 0.010091536731 -0.004645954431 -0.000002352601 0.999938286090
1638910731.468136072159 -0.000612394827 -0.000106630302 0.000621124570 0.010049135560 -0.004626468125 -0.000002376736 0.999938803458
1638910731.518243312836 -0.000642011903 -0.000118983441 0.000649468025 0.010053148221 -0.004628223615 -0.000002295727 0.999938755000
1638910731.568458080292 -0.000659556001 -0.000146826967 0.000664866948 0.010041277113 -0.004622699978 -0.000002139560 0.999938899831
1638910731.607863426208 -0.000700735026 -0.000175477584 0.000669473998 0.010037741353 -0.004620967382 -0.000001960807 0.999938943339
1638910731.657851219177 -0.000762461151 -0.000197548298 0.000675706494 0.010028974896 -0.004616783556 -0.000001941000 0.999939050627
1638910731.718194484711 -0.000755578661 -0.000208480930 0.000631643233 0.010065287582 -0.004633505128 -0.000001782096 0.999938608422
1638910731.768306255341 -0.000754167454 -0.000196348689 0.000577515241 0.010119622946 -0.004658540388 -0.000001735313 0.999937943689
1638910731.818171977997 -0.000811306965 -0.000198748663 0.000583041377 0.010113466475 -0.004655578055 -0.000001626915 0.999938019772
1638910731.857960939407 -0.000840410681 -0.000178473039 0.000570104227 0.010119792545 -0.004658419930 -0.000001522384 0.999937942535
1638910731.908096790314 -0.000775893172 -0.000204575922 0.000603533188 0.010131878092 -0.004664176342 -0.000001889415 0.999937793316
1638910731.957845211029 -0.000715014054 -0.000148968991 0.000592546798 0.010145765130 -0.004670790713 -0.000002073337 0.999937621634
1638910732.007809877396 -0.000714849068 -0.000144496702 0.000624672938 0.010170565336 -0.004682273875 -0.000002451321 0.999937315988
1638910732.057860136032 -0.000745586167 -0.000120705889 0.000648414357 0.010176486584 -0.004684921739 -0.000002669168 0.999937243342
1638910732.108021259308 -0.000704138630 -0.000113027317 0.000715361845 0.010152513558 -0.004674025817 -0.000002804059 0.999937538021
1638910732.157844066620 -0.000638507364 -0.000095290118 0.000734819110 0.010150798394 -0.004673385291 -0.000003032398 0.999937558427
1638910732.207923412323 -0.000632025593 -0.000147367447 0.000803339512 0.010127712616 -0.004662797411 -0.000003021857 0.999937841942
1638910732.268144845963 -0.000628212984 -0.000161877833 0.000846135116 0.010110134790 -0.004654683685 -0.000003073034 0.999938057624
1638910732.307832241058 -0.000667253755 -0.000167936477 0.000865617813 0.010108362215 -0.004653757051 -0.000003094392 0.999938079857
1638910732.357909917831 -0.000644533563 -0.000156591099 0.000882178321 0.010118977284 -0.004658733125 -0.000003089498 0.999937949322
1638910732.407832384109 -0.000574125985 -0.000197729270 0.000956765645 0.010097591646 -0.004649043637 -0.000003162980 0.999938210604
1638910732.457830905914 -0.000653657137 -0.000177223596 0.000956458143 0.010095488381 -0.004647886691 -0.000003040370 0.999938237220
1638910732.518272638321 -0.000720843901 -0.000234481281 0.000987483996 0.010088125762 -0.004644295071 -0.000002784035 0.999938328215
1638910732.568233489990 -0.000650907114 -0.000174406741 0.000948889506 0.010088639475 -0.004644787791 -0.000002765960 0.999938320744
1638910732.607929229736 -0.000569561324 -0.000150848761 0.000916712620 0.010108803518 -0.004654291712 -0.000002875397 0.999938072908
1638910732.668527603149 -0.000600116984 -0.000153561720 0.000943951632 0.010085974008 -0.004643696735 -0.000002782622 0.999938352700
1638910732.718299865723 -0.000577013468 -0.000186914357 0.000975475114 0.010060038330 -0.004631817451 -0.000002748368 0.999938669063
1638910732.757805585861 -0.000564247802 -0.000171217897 0.000979158779 0.010081368526 -0.004641664834 -0.000002815973 0.999938408577
1638910732.818234205246 -0.000633245487 -0.000159011008 0.000959203314 0.010086371850 -0.004643738963 -0.000002742310 0.999938348491
1638910732.857917785645 -0.000601509820 -0.000131357787 0.000942179291 0.010102694226 -0.004651399544 -0.000002870592 0.999938148109
1638910732.908091783524 -0.000675241820 -0.000181085901 0.000987303679 0.010096179390 -0.004648229455 -0.000002934396 0.999938228650
1638910732.968275785446 -0.000731793694 -0.000163803688 0.000940907675 0.010134781455 -0.004665854553 -0.000002783542 0.999937756062
1638910733.018367528915 -0.000662242378 -0.000228016451 0.000958641123 0.010142477743 -0.004669640718 -0.000002762094 0.999937660353
1638910733.068326711655 -0.000647235321 -0.000260312597 0.000952224676 0.010159098667 -0.004677338216 -0.000002801993 0.999937455651
1638910733.118336915970 -0.000582760492 -0.000247403553 0.000905694488 0.010183339787 -0.004688669651 -0.000002806650 0.999937156005
1638910733.158010005951 -0.000637998662 -0.000251394793 0.000885354375 0.010211222640 -0.004701384182 -0.000002850330 0.999936811959
1638910733.218356609344 -0.000650031637 -0.000246225910 0.000821152789 0.010251063634 -0.004719681846 -0.000002887212 0.999936318117
1638910733.258094549179 -0.000641687552 -0.000279551071 0.000790516625 0.010263397901 -0.004725377453 -0.000003024123 0.999936164694
1638910733.308189630508 -0.000571475054 -0.000298576144 0.000737466098 0.010301133581 -0.004742894951 -0.000003134328 0.999935693725
1638910733.357896327972 -0.000546998356 -0.000348789806 0.000718529604 0.010317892710 -0.004750737954 -0.000003213678 0.999935483703
1638910733.408086061478 -0.000541780551 -0.000337055543 0.000684584133 0.010348412335 -0.004764829427 -0.000003061210 0.999935101271
1638910733.457966566086 -0.000543426498 -0.000301903985 0.000653977026 0.010378789204 -0.004778838453 -0.000003023662 0.999934719584
1638910733.507940530777 -0.000617083389 -0.000353618739 0.000628366034 0.010397722178 -0.004787340394 -0.000002973510 0.999934482222
1638910733.558023929596 -0.000543201386 -0.000351164957 0.000595674783 0.010409927258 -0.004793130162 -0.000002842327 0.999934327498
1638910733.618217229843 -0.000570670618 -0.000389794850 0.000606373922 0.010450898389 -0.004811938757 -0.000002527324 0.999933809790
1638910733.657914400101 -0.000624937180 -0.000384666698 0.000623888692 0.010435721868 -0.004804878835 -0.000002471326 0.999934002243
1638910733.718341112137 -0.000602540932 -0.000339066097 0.000670223176 0.010431429265 -0.004803010025 -0.000002660422 0.999934056011
1638910733.758005619049 -0.000626279045 -0.000306875022 0.000688858830 0.010408822397 -0.004792496789 -0.000002426702 0.999934342037
1638910733.808079957962 -0.000683228626 -0.000319002675 0.000769760385 0.010388743258 -0.004783076160 -0.000002348006 0.999934595956
